44
01953
01954
01955
01956
01957
01958
01959
01960
01961
01962
01963
01964
01965
01966
01967
01968
01969
01970
01971
01972
01973
01974
01975
01976
01977
01978
01979
01980
01981
01982
01983
01984
01985
01986
01987
01988
01989
01990
01991
01992
01993
01999
02000
02001
85
09830
09831
09832
09833
09834
09835
09836
09837
09838
09839
09840
09841
09842
09843
09844
09845
09846
09847
09848
09849
09850
09851
09852
09853
09854
09855
09856
09857
09858
09859
09860
09861
09862
09863
09864
09865
09866
09867
09868
09869
09870
09871
09872
09873
09874
09875
09876
09877
09878
09879
09880
09881
09882
09883
09884
09885
09886
09890
09891
09892
09893
09894
09895
09896
09897
09898
09901
09902
09903
09904
09905
09906
09907
09908
09909
09910
09911
09912
09913
09914
09915
09917
09918
09919
09920
64
02496
02497
02498
02499
02500
02501
02502
02503
02504
02505
02507
02508
02509
02510
02511
02512
02513
02514
02515
02516
02517
02518
02519
02525
02526
02527
02528
02529
02530
02531
02532
02533
02534
02535
02536
02537
02540
02541
02542
02543
02544
02545
02546
02547
02548
02549
02550
02551
02552
02553
02554
02555
02556
02557
02558
02559
02560
02562
02563
02564
02567
02568
02569
02570
42
01013
01014
01015
01016
01017
01018
01019
01020
01021
01022
01023
01024
01025
01026
01027
01028
01029
01030
01031
01032
01033
01036
01037
01038
01039
01040
01041
01042
01043
01044
01045
01046
01047
01048
01049
01050
01051
01052
01053
01054
01055
01056
61
09432
09433
09434
09435
09436
09437
09438
09439
09440
09441
09442
09443
09444
09445
09446
09447
09448
09449
09450
09451
09452
09453
09454
09455
09456
09457
09458
09460
09461
09462
09463
09464
09465
09466
09467
09468
09469
09470
09471
09472
09473
09474
09475
09476
09477
09478
09479
09480
09481
09482
09483
09484
09485
09486
09487
09488
09491
09492
09493
09494
09496
43
06931
06932
06933
06934
06935
06936
06937
06938
06939
06940
06941
06942
06943
06944
06945
06946
06947
06948
06949
06950
06951
06952
06953
06954
06955
06956
06957
06958
06959
06960
06961
06962
06963
06964
06967
06968
06969
06970
06971
06972
06974
06975
06981
61
08801
08802
08803
08804
08805
08806
08807
08808
08809
08810
08811
08812
08813
08814
08815
08816
08817
08818
08819
08820
08821
08822
08823
08824
08825
08826
08827
08828
08829
08830
08831
08832
08840
08841
08842
08843
08844
08845
08846
08847
08848
08849
08850
08851
08852
08853
08854
08856
08857
08858
08859
08862
08863
08864
08865
08866
08867
08868
08869
08870
08871
14
0825
0826
0827
0828
0829
0830
0831
0832
0833
0834
0835
0836
0837
0838
38
07396
07397
07398
07399
07400
07401
07402
07403
07404
07405
07406
07407
07408
07409
07410
07411
07412
07413
07414
07415
07416
07417
07418
07419
07420
07421
07422
07423
07424
07425
07426
07427
07428
07429
07430
07431
07432
07433
77
07587
07588
07589
07590
07591
07593
07594
07595
07596
07597
07598
07599
07600
07601
07602
07603
07604
07605
07606
07607
07608
07609
07610
07611
07612
07613
07614
07615
07616
07617
07618
07619
07620
07621
07622
07623
07624
07625
07626
07627
07628
07629
07630
07631
07632
07633
07634
07635
07636
07637
07638
07639
07640
07641
07642
07643
07644
07645
07646
07647
07648
07649
07650
07651
07652
07653
07654
07655
07656
07657
07658
07659
07660
07661
07662
07663
07666
0